#!/bin/bash
#PBS -q normal
#PBS -l mem=1024MB,ncpus=16 
#PBS -l wd
module load fftw3/3.3.3
./sparse 0 
./ist 0 256 256 5 0.0
./ist 0 256 256 10 0.0
./ist 0 256 256 50 0.0
./ist 0 256 256 100 0.0
./ist 0 256 256 500 0.0
./ist 0 256 256 1000 0.0
./ist 0 256 256 5 0.2
./ist 0 256 256 10 0.2
./ist 0 256 256 50 0.2
./ist 0 256 256 100 0.2
./ist 0 256 256 500 0.2
./ist 0 256 256 1000 0.2
./ist 0 256 256 5 0.5
./ist 0 256 256 10 0.5
./ist 0 256 256 50 0.5
./ist 0 256 256 100 0.5
./ist 0 256 256 500 0.5
./ist 0 256 256 1000 0.5
./ist 0 256 256 5 0.7
./ist 0 256 256 10 0.7
./ist 0 256 256 50 0.7
./ist 0 256 256 100 0.7
./ist 0 256 256 500 0.7
./ist 0 256 256 1000 0.7
./ist 0 256 256 5 0.9
./ist 0 256 256 10 0.9
./ist 0 256 256 50 0.9
./ist 0 256 256 100 0.9
./ist 0 256 256 500 0.9
./ist 0 256 256 1000 0.9
./ist 0 256 256 5 1.0
./ist 0 256 256 10 1.0
./ist 0 256 256 50 1.0
./ist 0 256 256 100 1.0
./ist 0 256 256 500 1.0
./ist 0 256 256 1000 1.0
./sparse 10 
./ist 10 256 256 5 0.0
./ist 10 256 256 10 0.0
./ist 10 256 256 50 0.0
./ist 10 256 256 100 0.0
./ist 10 256 256 500 0.0
./ist 10 256 256 1000 0.0
./ist 10 256 256 5 0.2
./ist 10 256 256 10 0.2
./ist 10 256 256 50 0.2
./ist 10 256 256 100 0.2
./ist 10 256 256 500 0.2
./ist 10 256 256 1000 0.2
./ist 10 256 256 5 0.5
./ist 10 256 256 10 0.5
./ist 10 256 256 50 0.5
./ist 10 256 256 100 0.5
./ist 10 256 256 500 0.5
./ist 10 256 256 1000 0.5
./ist 10 256 256 5 0.7
./ist 10 256 256 10 0.7
./ist 10 256 256 50 0.7
./ist 10 256 256 100 0.7
./ist 10 256 256 500 0.7
./ist 10 256 256 1000 0.7
./ist 10 256 256 5 0.9
./ist 10 256 256 10 0.9
./ist 10 256 256 50 0.9
./ist 10 256 256 100 0.9
./ist 10 256 256 500 0.9
./ist 10 256 256 1000 0.9
./ist 10 256 256 5 1.0
./ist 10 256 256 10 1.0
./ist 10 256 256 50 1.0
./ist 10 256 256 100 1.0
./ist 10 256 256 500 1.0
./ist 10 256 256 1000 1.0
./sparse 20 
./ist 20 256 256 5 0.0
./ist 20 256 256 10 0.0
./ist 20 256 256 50 0.0
./ist 20 256 256 100 0.0
./ist 20 256 256 500 0.0
./ist 20 256 256 1000 0.0
./ist 20 256 256 5 0.2
./ist 20 256 256 10 0.2
./ist 20 256 256 50 0.2
./ist 20 256 256 100 0.2
./ist 20 256 256 500 0.2
./ist 20 256 256 1000 0.2
./ist 20 256 256 5 0.5
./ist 20 256 256 10 0.5
./ist 20 256 256 50 0.5
./ist 20 256 256 100 0.5
./ist 20 256 256 500 0.5
./ist 20 256 256 1000 0.5
./ist 20 256 256 5 0.7
./ist 20 256 256 10 0.7
./ist 20 256 256 50 0.7
./ist 20 256 256 100 0.7
./ist 20 256 256 500 0.7
./ist 20 256 256 1000 0.7
./ist 20 256 256 5 0.9
./ist 20 256 256 10 0.9
./ist 20 256 256 50 0.9
./ist 20 256 256 100 0.9
./ist 20 256 256 500 0.9
./ist 20 256 256 1000 0.9
./ist 20 256 256 5 1.0
./ist 20 256 256 10 1.0
./ist 20 256 256 50 1.0
./ist 20 256 256 100 1.0
./ist 20 256 256 500 1.0
./ist 20 256 256 1000 1.0
./sparse 30 
./ist 30 256 256 5 0.0
./ist 30 256 256 10 0.0
./ist 30 256 256 50 0.0
./ist 30 256 256 100 0.0
./ist 30 256 256 500 0.0
./ist 30 256 256 1000 0.0
./ist 30 256 256 5 0.2
./ist 30 256 256 10 0.2
./ist 30 256 256 50 0.2
./ist 30 256 256 100 0.2
./ist 30 256 256 500 0.2
./ist 30 256 256 1000 0.2
./ist 30 256 256 5 0.5
./ist 30 256 256 10 0.5
./ist 30 256 256 50 0.5
./ist 30 256 256 100 0.5
./ist 30 256 256 500 0.5
./ist 30 256 256 1000 0.5
./ist 30 256 256 5 0.7
./ist 30 256 256 10 0.7
./ist 30 256 256 50 0.7
./ist 30 256 256 100 0.7
./ist 30 256 256 500 0.7
./ist 30 256 256 1000 0.7
./ist 30 256 256 5 0.9
./ist 30 256 256 10 0.9
./ist 30 256 256 50 0.9
./ist 30 256 256 100 0.9
./ist 30 256 256 500 0.9
./ist 30 256 256 1000 0.9
./ist 30 256 256 5 1.0
./ist 30 256 256 10 1.0
./ist 30 256 256 50 1.0
./ist 30 256 256 100 1.0
./ist 30 256 256 500 1.0
./ist 30 256 256 1000 1.0
./sparse 40 
./ist 40 256 256 5 0.0
./ist 40 256 256 10 0.0
./ist 40 256 256 50 0.0
./ist 40 256 256 100 0.0
./ist 40 256 256 500 0.0
./ist 40 256 256 1000 0.0
./ist 40 256 256 5 0.2
./ist 40 256 256 10 0.2
./ist 40 256 256 50 0.2
./ist 40 256 256 100 0.2
./ist 40 256 256 500 0.2
./ist 40 256 256 1000 0.2
./ist 40 256 256 5 0.5
./ist 40 256 256 10 0.5
./ist 40 256 256 50 0.5
./ist 40 256 256 100 0.5
./ist 40 256 256 500 0.5
./ist 40 256 256 1000 0.5
./ist 40 256 256 5 0.7
./ist 40 256 256 10 0.7
./ist 40 256 256 50 0.7
./ist 40 256 256 100 0.7
./ist 40 256 256 500 0.7
./ist 40 256 256 1000 0.7
./ist 40 256 256 5 0.9
./ist 40 256 256 10 0.9
./ist 40 256 256 50 0.9
./ist 40 256 256 100 0.9
./ist 40 256 256 500 0.9
./ist 40 256 256 1000 0.9
./ist 40 256 256 5 1.0
./ist 40 256 256 10 1.0
./ist 40 256 256 50 1.0
./ist 40 256 256 100 1.0
./ist 40 256 256 500 1.0
./ist 40 256 256 1000 1.0
./sparse 50 
./ist 50 256 256 5 0.0
./ist 50 256 256 10 0.0
./ist 50 256 256 50 0.0
./ist 50 256 256 100 0.0
./ist 50 256 256 500 0.0
./ist 50 256 256 1000 0.0
./ist 50 256 256 5 0.2
./ist 50 256 256 10 0.2
./ist 50 256 256 50 0.2
./ist 50 256 256 100 0.2
./ist 50 256 256 500 0.2
./ist 50 256 256 1000 0.2
./ist 50 256 256 5 0.5
./ist 50 256 256 10 0.5
./ist 50 256 256 50 0.5
./ist 50 256 256 100 0.5
./ist 50 256 256 500 0.5
./ist 50 256 256 1000 0.5
./ist 50 256 256 5 0.7
./ist 50 256 256 10 0.7
./ist 50 256 256 50 0.7
./ist 50 256 256 100 0.7
./ist 50 256 256 500 0.7
./ist 50 256 256 1000 0.7
./ist 50 256 256 5 0.9
./ist 50 256 256 10 0.9
./ist 50 256 256 50 0.9
./ist 50 256 256 100 0.9
./ist 50 256 256 500 0.9
./ist 50 256 256 1000 0.9
./ist 50 256 256 5 1.0
./ist 50 256 256 10 1.0
./ist 50 256 256 50 1.0
./ist 50 256 256 100 1.0
./ist 50 256 256 500 1.0
./ist 50 256 256 1000 1.0
./sparse 60 
./ist 60 256 256 5 0.0
./ist 60 256 256 10 0.0
./ist 60 256 256 50 0.0
./ist 60 256 256 100 0.0
./ist 60 256 256 500 0.0
./ist 60 256 256 1000 0.0
./ist 60 256 256 5 0.2
./ist 60 256 256 10 0.2
./ist 60 256 256 50 0.2
./ist 60 256 256 100 0.2
./ist 60 256 256 500 0.2
./ist 60 256 256 1000 0.2
./ist 60 256 256 5 0.5
./ist 60 256 256 10 0.5
./ist 60 256 256 50 0.5
./ist 60 256 256 100 0.5
./ist 60 256 256 500 0.5
./ist 60 256 256 1000 0.5
./ist 60 256 256 5 0.7
./ist 60 256 256 10 0.7
./ist 60 256 256 50 0.7
./ist 60 256 256 100 0.7
./ist 60 256 256 500 0.7
./ist 60 256 256 1000 0.7
./ist 60 256 256 5 0.9
./ist 60 256 256 10 0.9
./ist 60 256 256 50 0.9
./ist 60 256 256 100 0.9
./ist 60 256 256 500 0.9
./ist 60 256 256 1000 0.9
./ist 60 256 256 5 1.0
./ist 60 256 256 10 1.0
./ist 60 256 256 50 1.0
./ist 60 256 256 100 1.0
./ist 60 256 256 500 1.0
./ist 60 256 256 1000 1.0
./sparse 70 
./ist 70 256 256 5 0.0
./ist 70 256 256 10 0.0
./ist 70 256 256 50 0.0
./ist 70 256 256 100 0.0
./ist 70 256 256 500 0.0
./ist 70 256 256 1000 0.0
./ist 70 256 256 5 0.2
./ist 70 256 256 10 0.2
./ist 70 256 256 50 0.2
./ist 70 256 256 100 0.2
./ist 70 256 256 500 0.2
./ist 70 256 256 1000 0.2
./ist 70 256 256 5 0.5
./ist 70 256 256 10 0.5
./ist 70 256 256 50 0.5
./ist 70 256 256 100 0.5
./ist 70 256 256 500 0.5
./ist 70 256 256 1000 0.5
./ist 70 256 256 5 0.7
./ist 70 256 256 10 0.7
./ist 70 256 256 50 0.7
./ist 70 256 256 100 0.7
./ist 70 256 256 500 0.7
./ist 70 256 256 1000 0.7
./ist 70 256 256 5 0.9
./ist 70 256 256 10 0.9
./ist 70 256 256 50 0.9
./ist 70 256 256 100 0.9
./ist 70 256 256 500 0.9
./ist 70 256 256 1000 0.9
./ist 70 256 256 5 1.0
./ist 70 256 256 10 1.0
./ist 70 256 256 50 1.0
./ist 70 256 256 100 1.0
./ist 70 256 256 500 1.0
./ist 70 256 256 1000 1.0
./sparse 80 
./ist 80 256 256 5 0.0
./ist 80 256 256 10 0.0
./ist 80 256 256 50 0.0
./ist 80 256 256 100 0.0
./ist 80 256 256 500 0.0
./ist 80 256 256 1000 0.0
./ist 80 256 256 5 0.2
./ist 80 256 256 10 0.2
./ist 80 256 256 50 0.2
./ist 80 256 256 100 0.2
./ist 80 256 256 500 0.2
./ist 80 256 256 1000 0.2
./ist 80 256 256 5 0.5
./ist 80 256 256 10 0.5
./ist 80 256 256 50 0.5
./ist 80 256 256 100 0.5
./ist 80 256 256 500 0.5
./ist 80 256 256 1000 0.5
./ist 80 256 256 5 0.7
./ist 80 256 256 10 0.7
./ist 80 256 256 50 0.7
./ist 80 256 256 100 0.7
./ist 80 256 256 500 0.7
./ist 80 256 256 1000 0.7
./ist 80 256 256 5 0.9
./ist 80 256 256 10 0.9
./ist 80 256 256 50 0.9
./ist 80 256 256 100 0.9
./ist 80 256 256 500 0.9
./ist 80 256 256 1000 0.9
./ist 80 256 256 5 1.0
./ist 80 256 256 10 1.0
./ist 80 256 256 50 1.0
./ist 80 256 256 100 1.0
./ist 80 256 256 500 1.0
./ist 80 256 256 1000 1.0
./sparse 90 
./ist 90 256 256 5 0.0
./ist 90 256 256 10 0.0
./ist 90 256 256 50 0.0
./ist 90 256 256 100 0.0
./ist 90 256 256 500 0.0
./ist 90 256 256 1000 0.0
./ist 90 256 256 5 0.2
./ist 90 256 256 10 0.2
./ist 90 256 256 50 0.2
./ist 90 256 256 100 0.2
./ist 90 256 256 500 0.2
./ist 90 256 256 1000 0.2
./ist 90 256 256 5 0.5
./ist 90 256 256 10 0.5
./ist 90 256 256 50 0.5
./ist 90 256 256 100 0.5
./ist 90 256 256 500 0.5
./ist 90 256 256 1000 0.5
./ist 90 256 256 5 0.7
./ist 90 256 256 10 0.7
./ist 90 256 256 50 0.7
./ist 90 256 256 100 0.7
./ist 90 256 256 500 0.7
./ist 90 256 256 1000 0.7
./ist 90 256 256 5 0.9
./ist 90 256 256 10 0.9
./ist 90 256 256 50 0.9
./ist 90 256 256 100 0.9
./ist 90 256 256 500 0.9
./ist 90 256 256 1000 0.9
./ist 90 256 256 5 1.0
./ist 90 256 256 10 1.0
./ist 90 256 256 50 1.0
./ist 90 256 256 100 1.0
./ist 90 256 256 500 1.0
./ist 90 256 256 1000 1.0
